qijieju =
   0.593951094933048   3.250180083652211   2.333266241883231   5.832611829045363   6.291401010049166  11.697537601521828  10.027052859499374
qijieju =
   0.590488945241659   3.239649577494268   2.328144476806105   5.806949350526198   6.636090855460328  12.917183329044322   9.971460575717519
qijieju =
   0.593938946293114   3.250180083652220   2.333266241883266   5.832611829045134   6.291401010049166  11.697537601524749  10.027052859498989
qijieju =
   0.593951094933044   3.250180083652197   2.333266241883226   5.832611829045236   6.291401010048558  11.697537601515039  10.507682591717463
qijieju =
   1.339057543328730   4.563269919669374   8.562642402753839  12.287541792158370  13.332989095647214  14.892916203930186  22.876881257868902
qijieju =
   1.338134975673649   4.553950792877544   8.551804717742746  12.217434931188933  13.410024287361892  14.912026091863533  22.878927630126938
qijieju =
   1.339041211336194   4.563269919669254   8.562642402753658  12.287541792159223  13.332989095641409  14.892916203928429  22.876881257867634
qijieju =
   1.339057543328732   4.563269919669374   8.562642402753735  12.287541792158592  13.332989095645704  14.892916203929747  23.091585057931969